"species","x","y","tmean9","ppt9","vpdmin9"
"species",1,1,16.556791305542,1571.2490234375,1.16200006008148
"species",2,2,16.7227916717529,1575.4560546875,1.31400001049042
"species",3,3,16.5273742675781,1568.001953125,1.24100005626678
"species",4,4,16.4387073516846,1600.11303710938,1.02100002765656
"species",5,5,16.366792678833,1563.28100585938,1.15900003910065
"species",6,6,16.6979160308838,1569.28295898438,1.17900002002716
"species",7,7,16.4467926025391,1527.81799316406,1.08600008487701
"species",8,8,16.5067081451416,1571.61901855469,1.11900007724762
"species",9,9,16.8876667022705,1560.63403320312,1.08700001239777
"species",10,10,16.6772499084473,1569.23596191406,1.15299999713898
"species",11,11,16.5008335113525,1567.5,1.09100008010864
"species",12,12,15.8347911834717,1525.64807128906,0.969000041484833
"species",13,13,16.441707611084,1624.35595703125,1.0440000295639
"species",14,14,16.5629577636719,1595.55200195312,1.05900001525879
"species",15,15,16.6545829772949,1619.82897949219,1.07700002193451
"species",16,16,16.7159175872803,1604.46997070312,1.06100010871887
"species",17,17,16.8411674499512,1600.20495605469,1.09900009632111
"species",18,18,16.9797077178955,1547.76501464844,1.12700009346008
"species",19,19,16.8356666564941,1571.89599609375,1.07600009441376
