"species","x","y","tmean11","ppt11","vpdmax11","vpdmin11"
"species",1,1,17.3096675872803,937.830017089844,19.5220012664795,1.56000006198883
"species",2,2,17.2981243133545,922,19.3350009918213,1.40100002288818
"species",3,3,17.4402923583984,898.460021972656,19.7490005493164,1.52800011634827
"species",4,4,17.1989994049072,1041.0400390625,18.5430011749268,0.980000019073486
"species",5,5,17.2151260375977,959.839965820312,18.5330009460449,0.877000033855438
"species",6,6,17.2257499694824,939.130004882812,18.6460018157959,0.875000059604645
"species",7,7,16.7281246185303,1124.07995605469,18.8070011138916,0.416000008583069
"species",8,8,16.9069156646729,1155.97998046875,18.9830017089844,0.577000021934509
"species",9,9,17.142749786377,1078.36999511719,18.7880001068115,0.446000009775162
"species",10,10,17.302791595459,1045.61999511719,17.931001663208,0.695000052452087
"species",11,11,17.9150409698486,1108.56994628906,14.1160011291504,1.16500008106232
"species",12,12,17.919750213623,1153.21997070312,14.1390008926392,1.0460000038147
"species",13,13,17.4644165039062,1200.08996582031,13.2180004119873,1.13900005817413
"species",14,14,17.6014175415039,959.989990234375,19.105001449585,1.07600009441376
"species",15,15,17.7607498168945,935.280029296875,19.9630012512207,1.17500007152557
"species",16,16,18.4008750915527,1179.86999511719,21.4700012207031,1.36700010299683
"species",17,17,18.5462913513184,1035.89001464844,21.6450004577637,1.59400010108948
"species",18,18,17.7975826263428,990.219970703125,19.8600006103516,0.716000020503998
"species",19,19,18.1369171142578,1033.40002441406,20.5480003356934,1.27100002765656
"species",20,20,17.7104167938232,983.969970703125,19.4650001525879,0.960000038146973
"species",21,21,18.0082912445068,1044.55004882812,21.0180015563965,0.845000028610229
"species",22,22,18.148624420166,1038.7900390625,20.7550010681152,0.776000022888184
"species",23,23,17.765417098999,955.640014648438,20.9640007019043,0.954000055789948
"species",24,24,18.5478744506836,903.539978027344,14.653000831604,1.69200003147125
"species",25,25,18.2130832672119,1097.41003417969,17.2480010986328,0.463000029325485
"species",26,26,18.3913326263428,1088.58996582031,19.2140007019043,0.388000011444092
"species",27,27,18.7943344116211,910.409973144531,21.5460014343262,0.582000017166138
"species",28,28,19.1542091369629,871.52001953125,20.814001083374,0.522000014781952
"species",29,29,18.7535419464111,928.590026855469,22.6480007171631,0.559000015258789
"species",30,30,19.1808757781982,922.260009765625,22.6550006866455,0.689000010490417
"species",31,31,19.0346660614014,951.799987792969,22.2170009613037,0.62200003862381
"species",32,32,18.9740409851074,989.260009765625,22.2350006103516,0.623000025749207
"species",33,33,19.0343742370605,790.049987792969,21.2960014343262,0.760000050067902
"species",34,34,20.2226657867432,1205.60998535156,20.6990013122559,0.47800001502037
"species",35,35,20.7123756408691,1049.73999023438,19.7150001525879,0.944000065326691
"species",36,36,20.7353744506836,1111.35998535156,20.3770008087158,0.740000009536743
"species",37,37,20.3674583435059,1273.31005859375,20.0650005340576,0.239000007510185
"species",38,38,20.3455829620361,1340.43994140625,20.0510005950928,0.243000015616417
"species",39,39,21.3074169158936,1078.36999511719,19.2040004730225,0.666000008583069
"species",40,40,21.3007907867432,1006.69000244141,21.8990001678467,0.929000020027161
"species",41,41,21.2400417327881,1012.61999511719,21.9680004119873,1.24500000476837
"species",42,42,21.2127494812012,1038.67004394531,20.984001159668,0.654000043869019
"species",43,43,21.2250003814697,1162.40002441406,20.9940013885498,0.632000029087067
"species",44,44,17.4926242828369,1124.13000488281,19.3950004577637,0.92600005865097
"species",45,45,17.3878326416016,1086.52001953125,18.3450012207031,0.706000030040741
"species",46,46,17.3330421447754,1025.06005859375,19.2900009155273,0.525000035762787
"species",47,47,17.3579158782959,1037.28002929688,19.3130016326904,0.717000007629395
"species",48,48,17.4104175567627,1022.61999511719,19.3930015563965,0.716000020503998
"species",49,49,17.4106674194336,913.900024414062,19.5610008239746,0.726000010967255
"species",50,50,17.5875835418701,962.330017089844,19.734001159668,0.689000010490417
"species",51,51,18.4255828857422,1009.98999023438,21.480001449585,1.72400009632111
