"species","x","y","tmean9","ppt9","vpdmin9"
"species",1,1,16.556791305542,1571.2490234375,1.16200006008148
"species",2,2,16.7227916717529,1575.4560546875,1.31400001049042
"species",3,3,16.5273742675781,1568.001953125,1.24100005626678
"species",4,4,16.4387073516846,1600.11303710938,1.02100002765656
"species",5,5,16.366792678833,1563.28100585938,1.15900003910065
"species",6,6,16.6979160308838,1569.28295898438,1.17900002002716
"species",7,7,16.4467926025391,1527.81799316406,1.08600008487701
"species",8,8,16.5067081451416,1571.61901855469,1.11900007724762
"species",9,9,16.8876667022705,1560.63403320312,1.08700001239777
"species",10,10,16.6772499084473,1569.23596191406,1.15299999713898
"species",11,11,16.5008335113525,1567.5,1.09100008010864
"species",12,12,16.7992916107178,1601.76501464844,1.25800001621246
"species",13,13,16.7761249542236,1600.98095703125,1.24200010299683
"species",14,14,16.8357086181641,1586.69897460938,1.21400010585785
"species",15,15,16.898250579834,1563.40405273438,1.14800000190735
"species",16,16,16.9232501983643,1580.80102539062,1.0789999961853
"species",17,17,16.9207077026367,1581.1669921875,1.05800008773804
"species",18,18,16.644250869751,1601.25,0.846000015735626
"species",19,19,16.8723754882812,1536.97802734375,0.734000027179718
"species",20,20,17.0633754730225,1587.126953125,0.882000029087067
"species",21,21,17.1580410003662,1550.27795410156,1
"species",22,22,17.8913745880127,1666.42199707031,1.50700008869171
"species",23,23,18.0588340759277,1697.95703125,1.49700009822845
"species",24,24,17.9362907409668,1724.21398925781,1.55400002002716
"species",25,25,17.1068744659424,1861.10998535156,1.17000007629395
"species",26,26,17.0046672821045,1780.92004394531,1.00800001621246
"species",27,27,17.3700408935547,1653.6240234375,1.05400002002716
"species",28,28,17.5692920684814,1655.7060546875,1.1010000705719
"species",29,29,16.7805004119873,1677.6279296875,0.995000064373016
"species",30,30,17.4235000610352,1645.708984375,1.02900004386902
"species",31,31,17.4049167633057,1861.9169921875,1.20600008964539
"species",32,32,17.9301242828369,1783.36193847656,1.25
"species",33,33,18.0571250915527,1759.66796875,1.19900000095367
"species",34,34,17.7455406188965,1888.28698730469,1.11900007724762
"species",35,35,18.2910823822021,1474.04504394531,1.40300011634827
"species",36,36,18.1189994812012,1442.248046875,0.954000055789948
"species",37,37,18.2118759155273,1479.9150390625,1.0440000295639
"species",38,38,18.8989162445068,1568.7060546875,0.97900003194809
"species",39,39,18.9929580688477,1590.86206054688,0.748000025749207
"species",40,40,18.8282909393311,1625.55395507812,0.882000029087067
"species",41,41,19.1050415039062,1549.31005859375,0.891000032424927
"species",42,42,18.9969577789307,1584.24096679688,0.895000040531158
"species",43,43,18.9094161987305,1581.77502441406,0.885000050067902
"species",44,44,19.2707500457764,1485.43505859375,0.379000008106232
"species",45,45,20.4127502441406,1496.30297851562,0.484000027179718
"species",46,46,20.9405002593994,1317.30895996094,1.25600004196167
"species",47,47,20.9552917480469,1381.93603515625,1.18700003623962
"species",48,48,20.8295421600342,1422.36999511719,0.502000033855438
"species",49,49,20.773832321167,1444.72204589844,0.499000012874603
"species",50,50,21.6910419464111,1413.44104003906,1.09700000286102
"species",51,51,21.4711246490479,1358.84704589844,0.689000010490417
"species",52,52,21.4298343658447,1354.95495605469,0.784000039100647
"species",53,53,21.4514579772949,1450.72399902344,0.64000004529953
"species",54,54,21.4846668243408,1455.47094726562,0.67600005865097
"species",55,55,22.1926670074463,1344.11999511719,0.504000008106232
"species",56,56,15.8347911834717,1525.64807128906,0.969000041484833
"species",57,57,16.441707611084,1624.35595703125,1.0440000295639
"species",58,58,16.5629577636719,1595.55200195312,1.05900001525879
"species",59,59,16.6545829772949,1619.82897949219,1.07700002193451
"species",60,60,16.7159175872803,1604.46997070312,1.06100010871887
"species",61,61,16.8411674499512,1600.20495605469,1.09900009632111
"species",62,62,16.9797077178955,1547.76501464844,1.12700009346008
"species",63,63,16.8356666564941,1571.89599609375,1.07600009441376
"species",64,64,16.8139171600342,1502.24694824219,1.08000004291534
"species",65,65,16.7835006713867,1663.208984375,1.0900000333786
"species",66,66,16.9622917175293,1536.66101074219,1.12200009822845
"species",67,67,16.7991676330566,1590.01599121094,1.08400011062622
"species",68,68,16.8266258239746,1593.36999511719,1.08800005912781
"species",69,69,16.7937507629395,1604.38195800781,1.09800004959106
"species",70,70,16.8778343200684,1617.07800292969,1.07800006866455
"species",71,71,17.5303745269775,1638.7490234375,1.08000004291534
