"species","x","y","tmean9","ppt9","vpdmin9"
"species",1,1,16.7992916107178,1601.76501464844,1.25800001621246
"species",2,2,16.7761249542236,1600.98095703125,1.24200010299683
"species",3,3,16.8357086181641,1586.69897460938,1.21400010585785
"species",4,4,16.898250579834,1563.40405273438,1.14800000190735
"species",5,5,16.9232501983643,1580.80102539062,1.0789999961853
"species",6,6,16.9207077026367,1581.1669921875,1.05800008773804
"species",7,7,16.644250869751,1601.25,0.846000015735626
"species",8,8,16.8723754882812,1536.97802734375,0.734000027179718
"species",9,9,17.0633754730225,1587.126953125,0.882000029087067
"species",10,10,17.1580410003662,1550.27795410156,1
"species",11,11,17.8913745880127,1666.42199707031,1.50700008869171
"species",12,12,18.0588340759277,1697.95703125,1.49700009822845
"species",13,13,17.9362907409668,1724.21398925781,1.55400002002716
"species",14,14,17.1068744659424,1861.10998535156,1.17000007629395
"species",15,15,17.0046672821045,1780.92004394531,1.00800001621246
"species",16,16,17.3700408935547,1653.6240234375,1.05400002002716
"species",17,17,17.5692920684814,1655.7060546875,1.1010000705719
"species",18,18,16.7805004119873,1677.6279296875,0.995000064373016
"species",19,19,17.4235000610352,1645.708984375,1.02900004386902
"species",20,20,17.4049167633057,1861.9169921875,1.20600008964539
"species",21,21,17.9301242828369,1783.36193847656,1.25
"species",22,22,18.0571250915527,1759.66796875,1.19900000095367
"species",23,23,17.7455406188965,1888.28698730469,1.11900007724762
"species",24,24,18.2910823822021,1474.04504394531,1.40300011634827
"species",25,25,18.1189994812012,1442.248046875,0.954000055789948
"species",26,26,18.2118759155273,1479.9150390625,1.0440000295639
"species",27,27,18.8989162445068,1568.7060546875,0.97900003194809
"species",28,28,18.9929580688477,1590.86206054688,0.748000025749207
"species",29,29,18.8282909393311,1625.55395507812,0.882000029087067
"species",30,30,19.1050415039062,1549.31005859375,0.891000032424927
"species",31,31,18.9969577789307,1584.24096679688,0.895000040531158
"species",32,32,18.9094161987305,1581.77502441406,0.885000050067902
"species",33,33,19.2707500457764,1485.43505859375,0.379000008106232
"species",34,34,20.4127502441406,1496.30297851562,0.484000027179718
"species",35,35,20.9405002593994,1317.30895996094,1.25600004196167
"species",36,36,20.9552917480469,1381.93603515625,1.18700003623962
"species",37,37,20.8295421600342,1422.36999511719,0.502000033855438
"species",38,38,20.773832321167,1444.72204589844,0.499000012874603
"species",39,39,21.6910419464111,1413.44104003906,1.09700000286102
"species",40,40,21.4711246490479,1358.84704589844,0.689000010490417
"species",41,41,21.4298343658447,1354.95495605469,0.784000039100647
"species",42,42,21.4514579772949,1450.72399902344,0.64000004529953
"species",43,43,21.4846668243408,1455.47094726562,0.67600005865097
"species",44,44,16.8139171600342,1502.24694824219,1.08000004291534
"species",45,45,16.7835006713867,1663.208984375,1.0900000333786
"species",46,46,16.9622917175293,1536.66101074219,1.12200009822845
"species",47,47,16.7991676330566,1590.01599121094,1.08400011062622
"species",48,48,16.8266258239746,1593.36999511719,1.08800005912781
"species",49,49,16.7937507629395,1604.38195800781,1.09800004959106
"species",50,50,16.8778343200684,1617.07800292969,1.07800006866455
"species",51,51,17.5303745269775,1638.7490234375,1.08000004291534
