"species","x","y","tmean11","ppt11","vpdmax11","vpdmin11"
"species",1,1,16.7215003967285,1023.46997070312,18.2690010070801,0.885000050067902
"species",2,2,17.2649154663086,911.440002441406,18.5010013580322,1.34400010108948
"species",3,3,16.8922080993652,1047.7099609375,18.2350006103516,0.922000050544739
"species",4,4,16.9451656341553,1082.0400390625,19.2240009307861,0.630000054836273
"species",5,5,16.5563335418701,997.070007324219,18.1820011138916,0.905000030994415
"species",6,6,16.4979991912842,1123,18.1070003509521,0.522000014781952
"species",7,7,16.9301242828369,848.320007324219,19.1460018157959,0.839000046253204
"species",8,8,16.7464580535889,976.47998046875,18.4300003051758,0.855000019073486
"species",9,9,17.1686668395996,1057.75,18.3640003204346,0.885000050067902
"species",10,10,16.6057510375977,1110.23999023438,18.2000007629395,0.605000019073486
"species",11,11,16.785457611084,954.27001953125,18.5550003051758,0.80100005865097
"species",12,12,16.3535842895508,863.450012207031,18.8050003051758,0.708000004291534
"species",13,13,17.0420417785645,1167.14001464844,19.2510013580322,0.698000013828278
"species",14,14,17.0235843658447,1183.30004882812,19.1630001068115,0.757000029087067
"species",15,15,17.074125289917,980.669982910156,18.3940010070801,0.669000029563904
"species",16,16,17.2116241455078,904.190002441406,19.4120006561279,0.719000041484833
"species",17,17,17.3883743286133,1061.63000488281,18.8860015869141,0.753000020980835
"species",18,18,17.3877086639404,1038.26000976562,19.1740016937256,0.564999997615814
"species",19,19,17.3542079925537,1070.30004882812,19.3990001678467,0.638000011444092
