"species","x","y","tmean11","ppt11","vpdmax11","vpdmin11"
"species",1,1,16.7215003967285,1023.46997070312,18.2690010070801,0.885000050067902
"species",2,2,17.2649154663086,911.440002441406,18.5010013580322,1.34400010108948
"species",3,3,16.8922080993652,1047.7099609375,18.2350006103516,0.922000050544739
"species",4,4,16.9451656341553,1082.0400390625,19.2240009307861,0.630000054836273
"species",5,5,16.5563335418701,997.070007324219,18.1820011138916,0.905000030994415
"species",6,6,16.4979991912842,1123,18.1070003509521,0.522000014781952
"species",7,7,16.9301242828369,848.320007324219,19.1460018157959,0.839000046253204
"species",8,8,16.7464580535889,976.47998046875,18.4300003051758,0.855000019073486
"species",9,9,17.1686668395996,1057.75,18.3640003204346,0.885000050067902
"species",10,10,16.6057510375977,1110.23999023438,18.2000007629395,0.605000019073486
"species",11,11,16.785457611084,954.27001953125,18.5550003051758,0.80100005865097
"species",12,12,17.3096675872803,937.830017089844,19.5220012664795,1.56000006198883
"species",13,13,17.2981243133545,922,19.3350009918213,1.40100002288818
"species",14,14,17.4402923583984,898.460021972656,19.7490005493164,1.52800011634827
"species",15,15,17.1989994049072,1041.0400390625,18.5430011749268,0.980000019073486
"species",16,16,17.2151260375977,959.839965820312,18.5330009460449,0.877000033855438
"species",17,17,17.2257499694824,939.130004882812,18.6460018157959,0.875000059604645
"species",18,18,16.7281246185303,1124.07995605469,18.8070011138916,0.416000008583069
"species",19,19,16.9069156646729,1155.97998046875,18.9830017089844,0.577000021934509
"species",20,20,17.142749786377,1078.36999511719,18.7880001068115,0.446000009775162
"species",21,21,17.302791595459,1045.61999511719,17.931001663208,0.695000052452087
"species",22,22,17.9150409698486,1108.56994628906,14.1160011291504,1.16500008106232
"species",23,23,17.919750213623,1153.21997070312,14.1390008926392,1.0460000038147
"species",24,24,17.4644165039062,1200.08996582031,13.2180004119873,1.13900005817413
"species",25,25,17.6014175415039,959.989990234375,19.105001449585,1.07600009441376
"species",26,26,17.7607498168945,935.280029296875,19.9630012512207,1.17500007152557
"species",27,27,18.4008750915527,1179.86999511719,21.4700012207031,1.36700010299683
"species",28,28,18.5462913513184,1035.89001464844,21.6450004577637,1.59400010108948
"species",29,29,17.7975826263428,990.219970703125,19.8600006103516,0.716000020503998
"species",30,30,18.1369171142578,1033.40002441406,20.5480003356934,1.27100002765656
"species",31,31,17.7104167938232,983.969970703125,19.4650001525879,0.960000038146973
"species",32,32,18.0082912445068,1044.55004882812,21.0180015563965,0.845000028610229
"species",33,33,18.148624420166,1038.7900390625,20.7550010681152,0.776000022888184
"species",34,34,17.765417098999,955.640014648438,20.9640007019043,0.954000055789948
"species",35,35,18.5478744506836,903.539978027344,14.653000831604,1.69200003147125
"species",36,36,18.2130832672119,1097.41003417969,17.2480010986328,0.463000029325485
"species",37,37,18.3913326263428,1088.58996582031,19.2140007019043,0.388000011444092
"species",38,38,18.7943344116211,910.409973144531,21.5460014343262,0.582000017166138
"species",39,39,19.1542091369629,871.52001953125,20.814001083374,0.522000014781952
"species",40,40,18.7535419464111,928.590026855469,22.6480007171631,0.559000015258789
"species",41,41,19.1808757781982,922.260009765625,22.6550006866455,0.689000010490417
"species",42,42,19.0346660614014,951.799987792969,22.2170009613037,0.62200003862381
"species",43,43,18.9740409851074,989.260009765625,22.2350006103516,0.623000025749207
"species",44,44,19.0343742370605,790.049987792969,21.2960014343262,0.760000050067902
"species",45,45,20.2226657867432,1205.60998535156,20.6990013122559,0.47800001502037
"species",46,46,20.7123756408691,1049.73999023438,19.7150001525879,0.944000065326691
"species",47,47,20.7353744506836,1111.35998535156,20.3770008087158,0.740000009536743
"species",48,48,20.3674583435059,1273.31005859375,20.0650005340576,0.239000007510185
"species",49,49,20.3455829620361,1340.43994140625,20.0510005950928,0.243000015616417
"species",50,50,21.3074169158936,1078.36999511719,19.2040004730225,0.666000008583069
"species",51,51,21.3007907867432,1006.69000244141,21.8990001678467,0.929000020027161
"species",52,52,21.2400417327881,1012.61999511719,21.9680004119873,1.24500000476837
"species",53,53,21.2127494812012,1038.67004394531,20.984001159668,0.654000043869019
"species",54,54,21.2250003814697,1162.40002441406,20.9940013885498,0.632000029087067
"species",55,55,22.3077907562256,1210.60998535156,20.7990016937256,1.13200008869171
"species",56,56,16.3535842895508,863.450012207031,18.8050003051758,0.708000004291534
"species",57,57,17.0420417785645,1167.14001464844,19.2510013580322,0.698000013828278
"species",58,58,17.0235843658447,1183.30004882812,19.1630001068115,0.757000029087067
"species",59,59,17.074125289917,980.669982910156,18.3940010070801,0.669000029563904
"species",60,60,17.2116241455078,904.190002441406,19.4120006561279,0.719000041484833
"species",61,61,17.3883743286133,1061.63000488281,18.8860015869141,0.753000020980835
"species",62,62,17.3877086639404,1038.26000976562,19.1740016937256,0.564999997615814
"species",63,63,17.3542079925537,1070.30004882812,19.3990001678467,0.638000011444092
"species",64,64,17.4926242828369,1124.13000488281,19.3950004577637,0.92600005865097
"species",65,65,17.3878326416016,1086.52001953125,18.3450012207031,0.706000030040741
"species",66,66,17.3330421447754,1025.06005859375,19.2900009155273,0.525000035762787
"species",67,67,17.3579158782959,1037.28002929688,19.3130016326904,0.717000007629395
"species",68,68,17.4104175567627,1022.61999511719,19.3930015563965,0.716000020503998
"species",69,69,17.4106674194336,913.900024414062,19.5610008239746,0.726000010967255
"species",70,70,17.5875835418701,962.330017089844,19.734001159668,0.689000010490417
"species",71,71,18.4255828857422,1009.98999023438,21.480001449585,1.72400009632111
